  25
    1.89007E+02      1.68594E+02      6.29415E+01      4.10226E+01
    5.00000E-05      6.19451E+01      1.69522E+02
    8.04564E-04      6.19450E+01      1.69522E+02
    2.13801E-03      6.19448E+01      1.69522E+02
    4.50296E-03      6.19444E+01      1.69522E+02
    8.69790E-03      6.19436E+01      1.69522E+02
    1.61392E-02      6.19423E+01      1.69522E+02
    2.93285E-02      6.19400E+01      1.69523E+02
    5.28573E-02      6.19345E+01      1.69524E+02
    8.78021E-02      6.19177E+01      1.69529E+02
    1.45317E-01      6.18618E+01      1.69552E+02
    2.40136E-01      6.17071E+01      1.69617E+02
    3.96455E-01      6.13481E+01      1.69777E+02
    6.54244E-01      6.06213E+01      1.70122E+02
    1.07906E+00      5.92693E+01      1.70856E+02
    1.77992E+00      5.68876E+01      1.73268E+02
    2.71360E+00      5.36367E+01      1.77295E+02
    3.67267E+00      5.02954E+01      1.81079E+02
    4.49750E+00      4.74489E+01      1.83903E+02
    5.23707E+00      4.49254E+01      1.86106E+02
    5.67564E+00      4.34418E+01      1.87220E+02
    5.94140E+00      4.25492E+01      1.87795E+02
    6.02680E+00      4.22635E+01      1.87957E+02
    6.07560E+00      4.21005E+01      1.88044E+02
    6.09390E+00      4.20393E+01      1.88067E+02
    6.10000E+00      4.20189E+01      1.88079E+02
    4.26246E+01     -1.90408E+00      3.02725E+02      2.51825E+02
 4.99999987E-05   3.00411793E+02   1.19953508E-01
 8.04563778E-04   3.00360240E+02   2.06429509E-01
 2.13801286E-03   3.00325934E+02   3.08633503E-01
 4.50296352E-03   3.00291640E+02   4.08488336E-01
 8.69789905E-03   3.00248424E+02   5.05879183E-01
 1.61392278E-02   3.00192740E+02   6.46070696E-01
 2.93285391E-02   3.00121418E+02   8.74744765E-01
 5.28572660E-02   3.00022683E+02   1.21834951E+00
 8.78020503E-02   2.99882953E+02   1.67400604E+00
 1.45316651E-01   2.99620665E+02   2.37613321E+00
 2.40136102E-01   2.99101400E+02   3.44371566E+00
 3.96454634E-01   2.98108112E+02   5.00623782E+00
 6.54244008E-01   2.96258297E+02   7.06105849E+00
 1.07905549E+00   2.92921352E+02   9.56204052E+00
 1.77991901E+00   2.87207542E+02   1.28607505E+01
 2.71359746E+00   2.79654716E+02   1.86130038E+01
 3.67267370E+00   2.72136478E+02   2.52570235E+01
 4.49750342E+00   2.65872237E+02   3.09303480E+01
 5.23706865E+00   2.60390392E+02   3.56569971E+01
 5.67563979E+00   2.57191572E+02   3.82502551E+01
 5.94140119E+00   2.55275027E+02   3.97344310E+01
 6.02680049E+00   2.54662703E+02   4.01985566E+01
 6.07560009E+00   2.54313477E+02   4.04663780E+01
 6.09389994E+00   2.54182433E+02   4.05654353E+01
 6.09999989E+00   2.54138770E+02   4.06005483E+01
  25
    0.5000      0.2000    600.8869      0.3000
    1.70498E+02      1.46383E+02     -2.10803E+02     -2.39784E+02
    5.00000E-05     -2.3846665E+02      1.6940228E+02
    8.04564E-04     -2.3841523E+02      1.6931581E+02
    2.13801E-03     -2.3838116E+02      1.6921361E+02
    4.50296E-03     -2.3834729E+02      1.6911378E+02
    8.69790E-03     -2.3830482E+02      1.6901643E+02
    1.61392E-02     -2.3825045E+02      1.6887634E+02
    2.93285E-02     -2.3818143E+02      1.6864793E+02
    5.28573E-02     -2.3808820E+02      1.6830547E+02
    8.78021E-02     -2.3796525E+02      1.6785543E+02
    1.45317E-01     -2.3775889E+02      1.6717554E+02
    2.40136E-01     -2.3739433E+02      1.6617358E+02
    3.96455E-01     -2.3675998E+02      1.6477063E+02
    6.54244E-01     -2.3563702E+02      1.6306054E+02
    1.07906E+00     -2.3365204E+02      1.6129408E+02
    1.77992E+00     -2.3031991E+02      1.6040774E+02
    2.71360E+00     -2.2601804E+02      1.5868192E+02
    3.67267E+00     -2.2184108E+02      1.5582228E+02
    4.49750E+00     -2.1842333E+02      1.5297232E+02
    5.23707E+00     -2.1546501E+02      1.5044944E+02
    5.67564E+00     -2.1374982E+02      1.4897012E+02
    5.94140E+00     -2.1272580E+02      1.4806101E+02
    6.02680E+00     -2.1239917E+02      1.4775877E+02
    6.07560E+00     -2.1221300E+02      1.4757734E+02
    6.09390E+00     -2.1214317E+02      1.4750126E+02
    6.10000E+00     -2.12120E+02      1.47479E+02
 3.468E+02   -5.552E+02
  4.2728189E-04   3.05782E+02  -5.14239E+02  -2.08457E+02   2.02500E+02
  1.4712883E-03   1.14652E+02  -3.43906E+02  -2.29254E+02   2.02500E+02
  3.3204882E-03   6.42731E+01  -1.89430E+02  -1.25157E+02   2.02500E+02
  6.6004313E-03   4.54309E+01  -1.04132E+02  -5.87015E+01   2.02500E+02
  1.2418563E-02   3.27850E+01  -8.44789E+01  -5.16939E+01   2.02500E+02
  2.2733883E-02   2.34835E+01  -7.77131E+01  -5.42295E+01   2.02500E+02
  4.1092903E-02   1.77801E+01  -6.53127E+01  -4.75326E+01   2.02500E+02
  7.0329658E-02   1.57888E+01  -5.77905E+01  -4.20017E+01   2.02500E+02
  1.1655935E-01   1.61000E+01  -5.30463E+01  -3.69463E+01   2.02500E+02
  1.9272638E-01   1.72532E+01  -4.74180E+01  -3.01648E+01   2.02500E+02
  3.1829537E-01   1.82098E+01  -4.02739E+01  -2.20640E+01   2.02500E+02
  5.2534932E-01   1.95475E+01  -2.97678E+01  -1.02202E+01   2.02500E+02
  8.6664975E-01   2.09677E+01  -1.86594E+01   2.30827E+00   2.02500E+02
  1.4294873E+00   2.13344E+01  -5.67486E+00   1.56595E+01   2.02500E+02
  2.2467582E+00   2.06753E+01  -8.29450E+00   1.23808E+01   2.12533E+02
  3.1931356E+00   1.95433E+01  -1.33798E+01   6.16350E+00   2.22200E+02
  4.0850886E+00   1.85938E+01  -1.55048E+01   3.08894E+00   2.28974E+02
  4.8672860E+00   1.79498E+01  -1.53078E+01   2.64208E+00   2.33792E+02
  5.4563542E+00   1.75495E+01  -1.51360E+01   2.41341E+00   2.36934E+02
  5.8085205E+00   1.72904E+01  -1.53503E+01   1.94013E+00   2.38654E+02
  5.9841008E+00   1.71633E+01  -1.58814E+01   1.28191E+00   2.39472E+02
  6.0512003E+00   1.71189E+01  -1.66829E+01   4.36028E-01   2.39779E+02
  6.0847500E+00   1.71241E+01  -1.86554E+01  -1.53135E+00   2.39931E+02
  6.0969499E+00   1.71148E+01  -1.64984E+01   6.16380E-01   2.39986E+02
 240.00     6.100
