  25
    1.89009E+02      1.68558E+02      6.29403E+01      4.10225E+01
    5.00000E-05      6.19440E+01      1.69487E+02
    9.49285E-04      6.19439E+01      1.69487E+02
    2.39589E-03      6.19436E+01      1.69487E+02
    4.96046E-03      6.19431E+01      1.69487E+02
    9.50950E-03      6.19423E+01      1.69487E+02
    1.75762E-02      6.19409E+01      1.69487E+02
    3.19134E-02      6.19385E+01      1.69488E+02
    5.57113E-02      6.19330E+01      1.69489E+02
    9.34445E-02      6.19161E+01      1.69495E+02
    1.54643E-01      6.18601E+01      1.69517E+02
    2.55511E-01      6.17052E+01      1.69584E+02
    4.21822E-01      6.13458E+01      1.69747E+02
    6.96000E-01      6.06183E+01      1.70101E+02
    1.14807E+00      5.92656E+01      1.70876E+02
    1.83812E+00      5.68850E+01      1.73436E+02
    2.71995E+00      5.36363E+01      1.77319E+02
    3.63911E+00      5.02963E+01      1.80992E+02
    4.47619E+00      4.74494E+01      1.83855E+02
    5.16182E+00      4.49269E+01      1.85949E+02
    5.63244E+00      4.34425E+01      1.87145E+02
    5.89631E+00      4.25499E+01      1.87729E+02
    6.01765E+00      4.22636E+01      1.87946E+02
    6.06798E+00      4.21005E+01      1.88035E+02
    6.09085E+00      4.20392E+01      1.88064E+02
    6.10000E+00      4.20188E+01      1.88079E+02
    4.26131E+01     -1.90353E+00      3.02725E+02      2.51825E+02
 4.99999987E-05   3.00411808E+02   1.19953508E-01
 9.49285104E-04   3.00354736E+02   2.20452379E-01
 2.39588825E-03   3.00321350E+02   3.24167257E-01
 4.96045974E-03   3.00285927E+02   4.23643518E-01
 9.50949735E-03   3.00240870E+02   5.25325614E-01
 1.75762234E-02   3.00182624E+02   6.80059856E-01
 3.19133930E-02   3.00107527E+02   9.30147193E-01
 5.57112804E-02   3.00009230E+02   1.27638656E+00
 9.34445043E-02   2.99861850E+02   1.77175022E+00
 1.54642863E-01   2.99592262E+02   2.52167572E+00
 2.55510872E-01   2.99067149E+02   3.65819725E+00
 4.21822344E-01   2.98068863E+02   5.30417424E+00
 6.95999535E-01   2.96201223E+02   7.41149948E+00
 1.14806850E+00   2.92837919E+02   9.91330278E+00
 1.83812274E+00   2.87143521E+02   1.31617449E+01
 2.71994691E+00   2.79637652E+02   1.86997422E+01
 3.63911207E+00   2.72141751E+02   2.51164778E+01
 4.47618730E+00   2.65875039E+02   3.08374537E+01
 5.16182013E+00   2.60405042E+02   3.53508033E+01
 5.63243736E+00   2.57199445E+02   3.80868363E+01
 5.89631066E+00   2.55283153E+02   3.95768113E+01
 6.01765056E+00   2.54663965E+02   4.01579537E+01
 6.06797515E+00   2.54314452E+02   4.04295113E+01
 6.09084996E+00   2.54182547E+02   4.05461579E+01
 6.10000000E+00   2.54138311E+02   4.05895984E+01
