    0.000000000000000     
   1.0000000000000000E-006
   4.9999998736893758E-005
   4.2728188825553248E-004
   8.0456377777417121E-004
   1.4712883194607482E-003
   2.1380128611473252E-003
   3.3204881887494975E-003
   4.5029635163516692E-003
   6.6004312843427728E-003
   8.6978990523338773E-003
   1.2418563422534776E-002
   1.6139227792735671E-002
   2.2733883430536670E-002
   2.9328539068337673E-002
   4.1092902557999942E-002
   5.2857266047662224E-002
   7.0329658161606199E-002
   8.7802050275550201E-002
   0.1165593504266030     
   0.1453166505776558     
   0.1927263761300968     
   0.2401361016825378     
   0.3182953677314926     
   0.3964546337804473     
   0.5253493206692302     
   0.6542440075580131     
   0.8666497493330368     
    1.079055491108061     
    1.429487252146710     
    1.779919013185360     
    2.246758235983170     
    2.713597458780980     
    3.193135581552744     
    3.672673704324507     
    4.085088563668641     
    4.497503423012775     
    4.867286037021236     
    5.237068651029697     
    5.456354222916945     
    5.675639794804193     
    5.808520490578561     
    5.941401186352928     
    5.984100837003361     
    6.026800487653795     
    6.051200288431259     
    6.075600089208723     
    6.084750014145207     
    6.093899939081693     
    6.096949914178875     
    6.099999889276059     
