   4.2728188825553248E-004
   1.4712883194607482E-003
   3.3204881887494979E-003
   6.6004312843427728E-003
   1.2418563422534776E-002
   2.2733883430536670E-002
   4.1092902557999942E-002
   7.0329658161606199E-002
   0.1165593504266030     
   0.1927263761300968     
   0.3182953677314926     
   0.5253493206692302     
   0.8666497493330368     
    1.429487252146710     
    2.246758235983170     
    3.193135581552744     
    4.085088563668641     
    4.867286037021236     
    5.456354222916945     
    5.808520490578561     
    5.984100837003361     
    6.051200288431259     
    6.084750014145207     
    6.096949914178875     
